time,x,y,z,phi,theta,psi,x_velocity,y_velocity,z_velocity,phi_velocity,theta_velocity,psi_velocity,rotor_speed1,rotor_speed2,rotor_speed3,rotor_speed4
0.06,-7.74868238261e-08,-1.85478742104e-08,10.0043885521,6.28316163772,8.39208247365e-05,0.0,-7.30033726127e-06,-1.89367765587e-06,0.146276815105,-0.00119545376985,0.00405896708394,0.0,450.56317140056086,450.8911191716311,452.0087428646733,451.91241944374235
0.12000000000000001,-4.34723165667e-06,-8.74709103965e-07,10.0141533725,6.28276816265,0.00136768436884,0.0,-0.000217133719488,-4.52508723443e-05,0.179212236652,-0.020336160994,0.0432615370524,0.0,413.4803781260961,416.9192104124164,415.8477117114464,414.1680364597744
0.18,-7.25195599928e-05,-2.26187865981e-05,10.0369432403,6.28160361103,0.00414937369131,0.0,-0.00245015917244,-0.000854193521577,0.58033332365,-0.0176169996766,0.0519330004061,0.0,525.0863840438815,525.6884041929566,522.2719234263067,522.4616102113004
0.23999999999999996,-0.000324106203462,-0.000113085462329,10.0762357282,6.28066968021,0.00724140050529,0.0,-0.00627482692135,-0.00226966409884,0.729330581154,-0.0117496077477,0.050723443468,0.0,452.2417606829946,452.14599591570897,452.67779458499336,453.1497242890065
0.3,-0.000873979737076,-0.00030681386457,10.124528469,6.28074723102,0.0104619502835,0.0,-0.0123972211356,-0.00421322654024,0.880319990885,0.0193288177388,0.0590067139082,0.0,452.92880862231686,453.5962388126448,452.21242784315234,454.7086438790285
0.36000000000000004,-0.00186259369194,-0.000608627209269,10.1816967155,6.28163692812,0.0135580081961,0.0,-0.0209235979906,-0.00573344307461,1.02516508597,0.00382431081852,0.0295802865619,0.0,452.767016188405,450.3951701039105,452.4829600179487,451.233121158036
0.4200000000000001,-0.00335912704564,-0.000978854049011,10.2429135202,6.28159372263,0.0152573510997,0.0,-0.0291100627569,-0.00659771946674,1.01540165562,-0.0118593430135,0.0256802516005,0.0,401.82765976735067,401.47430668634235,402.40831812255027,400.98627302722696
0.48000000000000015,-0.00544363633793,-0.00141219974418,10.3079231468,6.28050645106,0.0165116989705,0.0,-0.0405241328632,-0.00793858769826,1.15145567988,-0.0351730137602,0.00905434343878,0.0,449.476382710496,448.12710215624605,450.6791761598039,448.7910836217138
0.5400000000000001,-0.00821416104382,-0.00195095543629,10.3797093624,6.27845366009,0.0177063479519,0.0,-0.0519184889342,-0.010228773018,1.24132206339,-0.0323598713114,0.0357041179273,0.0,434.3880576199855,436.61688382176277,434.4678411478896,434.7030970210795
0.6000000000000002,-0.0116949870473,-0.00266738927292,10.456710548,6.27655223416,0.0201501655107,0.0,-0.0643374066884,-0.0138432508739,1.32528459449,-0.0303843301557,0.0492509230411,0.0,432.706760577649,433.8464559100868,433.3863710883971,433.5519801934129
0.6600000000000003,-0.0160242607124,-0.0036552516451,10.5411937034,6.2750859467,0.0235845714591,0.0,-0.0803282989039,-0.0192653794843,1.49060998615,-0.0146184354163,0.0697210378069,0.0,458.1064536215565,459.7331674099462,458.34331541432994,459.59437154368476
0.7200000000000003,-0.0213898388607,-0.00499619961192,10.6353581704,6.27390088418,0.0280837302138,0.0,-0.0990006940464,-0.0255419031494,1.64797792336,-0.0327568480432,0.0838475218975,0.0,457.5990576044581,458.72626715745855,456.5312718606469,455.081830970979
0.7800000000000004,-0.0280226413084,-0.00675898121401,10.7404459222,6.27195342363,0.0328102800952,0.0,-0.122661517952,-0.0334446903129,1.85461404646,-0.0318660585773,0.0659788234404,0.0,471.676865814669,470.29947246164306,473.43354802494434,473.5017504418698
0.8400000000000004,-0.0361218068018,-0.00902104412591,10.856098592,6.26989684822,0.0365422321511,0.0,-0.147722355497,-0.0421696208861,2.00021255445,-0.03959311763,0.0533053355757,0.0,455.7094261186563,454.69797329491615,454.30229160772,453.6818666550372
0.9000000000000005,-0.0458418330772,-0.0118670087745,10.9814597771,6.26709383194,0.040729015269,0.0,-0.176699453657,-0.0529777851757,2.1781484085,-0.0674033585341,0.0909234565485,0.0,462.20254681367476,465.16077612075117,467.2988872258291,465.12469020785755
0.9600000000000005,-0.0572340446112,-0.0153642369208,11.1134021717,6.26271409755,0.0461794116886,0.0,-0.203547055022,-0.0639847705622,2.21981905014,-0.0875570998614,0.0906725037399,0.0,423.3187961006436,423.30457520698735,423.44077494712553,421.6988897002755
1.0200000000000005,-0.0705044711055,-0.0196834218806,11.2513155291,6.25736644021,0.0516318758064,0.0,-0.239387659621,-0.0805656858952,2.37693192971,-0.0924672908899,0.0912748875834,0.0,459.8100232528816,459.8643647958405,459.69292772908426,459.2973341875109
1.0800000000000005,-0.0859257235292,-0.0250553752908,11.3963173024,6.25132677482,0.0577589870912,0.0,-0.275225719224,-0.0990572494346,2.45623957047,-0.12692251595,0.117888978651,0.0,435.09077354943145,437.32212578177194,437.66252614066667,434.7756583427292
1.1400000000000006,-0.103549443407,-0.0316229228667,11.5447840551,6.24342992856,0.0647727945978,0.0,-0.312879785816,-0.120572592563,2.49250067622,-0.143190970041,0.114836721496,0.0,423.1060465672506,422.85619332415115,423.19249773532033,421.77271605884647
1.2000000000000006,-0.123775321808,-0.0397646060759,11.6986112069,6.23495533508,0.0716673933325,0.0,-0.36204213026,-0.151724149224,2.63465130765,-0.137611494225,0.115055957619,0.0,457.0514967520061,457.0803564115783,456.1770963913287,456.6043910550993
1.2600000000000007,-0.14698583873,-0.0498797706006,11.8593535309,6.22697539758,0.0783835326817,0.0,-0.412311791228,-0.186247111091,2.72311082628,-0.125089686057,0.104829750741,0.0,441.79433116613893,440.9615307696981,439.9083608824254,440.9274357217228
1.3200000000000007,-0.17326251483,-0.0621642100429,12.0243231945,6.21933640383,0.0845410494745,0.0,-0.464160626988,-0.223941845299,2.77564216238,-0.132184881355,0.097809491636,0.0,430.52747796008697,429.94259455887277,430.14082855574844,429.52409967464104
1.3800000000000008,-0.202813482291,-0.0768929148797,12.1929562826,6.21120492251,0.0903799299921,0.0,-0.521429900492,-0.26778106897,2.84516401164,-0.143208791129,0.0963070082781,0.0,436.27551793508576,436.1583511814745,436.37935331347404,435.440677243432
1.4400000000000008,-0.236160535953,-0.094609723512,12.3683919851,6.2025886174,0.0962177519686,0.0,-0.590745763795,-0.323693159839,3.00212901961,-0.144408724276,0.0992055766149,0.0,462.9744627304567,463.21014360969906,464.94799013476364,464.8357149084713
1.5000000000000009,-0.273365287753,-0.115508283173,12.5487846505,6.19364997993,0.102637729859,0.0,-0.649963972363,-0.373693874315,3.01078323585,-0.160172004695,0.119233628073,0.0,417.49412409376095,419.24858600140556,418.20691424555974,416.8089022670664
1.560000000000001,-0.314354595182,-0.139666549066,12.7307336457,6.18400124298,0.10994836816,0.0,-0.717015041627,-0.432462456829,3.05386926592,-0.162122803433,0.126606744425,0.0,429.0094027975813,429.6489580582354,430.3947109198395,430.2040412147165
1.620000000000001,-0.359981844528,-0.167958864838,12.9194419684,6.17451255049,0.117849718986,0.0,-0.804726487011,-0.511643668776,3.23563320511,-0.151193946335,0.140285120576,0.0,474.1289442817274,475.1932752328797,472.56801044696806,473.38754139685165
1.680000000000001,-0.410564882795,-0.200762535137,13.1149097834,6.16529916197,0.126371720648,0.0,-0.882157329526,-0.58263827662,3.27957579604,-0.15875099099,0.145315064998,0.0,433.0342148920808,433.47647714404405,432.02854885675697,431.3677842088139
1.740000000000001,-0.46581863055,-0.237870250119,13.3118906345,6.15555560315,0.135036178964,0.0,-0.96040265128,-0.655113557749,3.28615548196,-0.170893623141,0.142530391314,0.0,420.4448713280238,420.22432220633846,422.1186968985679,421.042625416284
1.8000000000000012,-0.526500790281,-0.280042637999,13.5133830567,6.14508667073,0.14329932558,0.0,-1.06319489142,-0.751672711842,3.42945675435,-0.182836276755,0.125767506662,0.0,466.0241274804228,464.7284418228368,466.06012437248137,465.09778277542705
1.8600000000000012,-0.593218456882,-0.327937906808,13.7212878289,6.13454655656,0.150688482626,0.0,-1.1614291641,-0.845826826714,3.50011691676,-0.164234960655,0.117336071903,0.0,445.40908697024184,444.7326601849822,443.0650524170731,444.5617237460078
1.9200000000000013,-0.666320851534,-0.382019994531,13.9355884889,6.12459244301,0.157596358319,0.0,-1.27600572065,-0.957880544412,3.64236832169,-0.169458296576,0.110315221699,0.0,467.9558515835884,467.4200821728293,468.75657587237293,468.3257033341575
1.9800000000000013,-0.745478195475,-0.442070223406,14.1523591495,6.1145471787,0.163991173516,0.0,-1.36312052894,-1.04459255045,3.58317496907,-0.163634705374,0.097815444372,0.0,403.8463856022392,402.72838418786944,404.11474824233244,404.6095188041337
2.0400000000000014,-0.830585821974,-0.508110488153,14.3691931677,6.10463179172,0.17012487474,0.0,-1.47434941031,-1.15763123504,3.64400565554,-0.168709910406,0.1098422646,0.0,443.9683749752085,444.96311139766453,445.42259366373816,444.98126225650105
2.1000000000000014,-0.922362492895,-0.580987419416,14.5888644002,6.09493708654,0.176843627368,0.0,-1.58547094408,-1.27245216374,3.67780418808,-0.15019033279,0.115939605595,0.0,436.63460076375884,437.1543595383646,437.16046348244043,438.6754612246341
2.1600000000000015,-1.02050072168,-0.66046883488,14.8081089565,6.08615209277,0.183831432224,0.0,-1.68639709067,-1.37763575596,3.63008821966,-0.139780529414,0.11749001716,0.0,410.1562833386075,410.3073487120595,411.1437187993837,412.0430413279814
2.2200000000000015,-1.12554884916,-0.747173803543,15.0282772013,6.07753404134,0.190823747549,0.0,-1.81585249807,-1.51326504429,3.70806118621,-0.15272826243,0.114566342024,0.0,454.0714335392552,453.8486575362693,453.9787744174942,452.9196169120606
2.2800000000000016,-1.23835721721,-0.842025790767,15.2522766465,6.06855654225,0.197492876234,0.0,-1.94503460862,-1.64923577451,3.75785766513,-0.14405281792,0.10326642491,0.0,447.374542843032,446.4642458008038,445.4520555673501,446.13996953181027
2.3400000000000016,-1.35909391008,-0.945249901998,15.4794026942,6.06049634974,0.203762621434,0.0,-2.08007569736,-1.7922614291,3.81224790045,-0.119816907711,0.106845653262,0.0,449.39878237237343,449.69821610940585,448.38805396976204,450.33597464742496
2.4000000000000017,-1.48808288297,-1.05722456708,15.7098060283,6.0529397847,0.210782938093,0.0,-2.22015737503,-1.94081944952,3.86706538159,-0.142446024909,0.132025362159,0.0,450.102144192278,452.1472244812882,452.3358449284135,450.49504344130344
2.4600000000000017,-1.62582115542,-1.17846791089,15.944294541,6.04433807003,0.219078334555,0.0,-2.37184893566,-2.10132096457,3.94818135139,-0.145257327285,0.148456778555,0.0,461.85170197486826,463.1626854149676,460.7839852811157,460.5432708481052
2.520000000000002,-1.77237987902,-1.30902038881,16.1815540963,6.03557478031,0.228150647564,0.0,-2.5142193115,-2.25110606726,3.95967648583,-0.147697481495,0.15619643107,0.0,440.3183450936426,440.9799274009915,441.7643028794898,441.54289851827644
2.580000000000002,-1.92770850434,-1.44876892107,16.4196214323,6.02650685196,0.237160352756,0.0,-2.66419501444,-2.4078629554,3.97502148428,-0.159069626297,0.134007897959,0.0,445.5076664771818,443.7103403169559,444.4410829689988,443.48623630492796
2.640000000000002,-2.09190032072,-1.59776376979,16.657289953,6.01707943227,0.244883773555,0.0,-2.80953077068,-2.55935264973,3.94656690784,-0.153495527737,0.115229940965,0.0,431.6673345140919,430.09509740856333,431.6965607297241,432.1425311725698
2.700000000000002,-2.26506007763,-1.75611718902,16.8935667209,6.00772511502,0.252637883681,0.0,-2.96308340848,-2.71979549325,3.92854431864,-0.161214654432,0.148176998304,0.0,435.9410885718651,438.700716484292,436.2504533565096,435.5817413888342
2.760000000000002,-2.44791924176,-1.92460815459,17.1298933318,5.99854212492,0.261315292363,0.0,-3.13295590711,-2.89725825539,3.94793006442,-0.140361732061,0.136362683385,0.0,451.44405460298566,450.5087467741786,450.57987714584795,452.2407518324077
2.820000000000002,-2.64143694696,-2.10421698869,17.3683171099,5.99026940102,0.269295991636,0.0,-3.31829500472,-3.09028493452,3.99827045907,-0.133330088071,0.125297257862,0.0,464.19429033286104,463.34042090184283,463.5889440477054,464.12444073241295
2.880000000000002,-2.84632097232,-2.29564448131,17.6099114148,5.98249848087,0.276891172505,0.0,-3.51176828254,-3.29115598026,4.05354396089,-0.122814717855,0.12904490829,0.0,468.571061603133,468.8760388442235,467.2528133966634,468.0574792284348
2.940000000000002,-3.06224046866,-2.49850276783,17.8522328427,5.97471085818,0.284545690632,0.0,-3.68616773938,-3.47130509696,4.02292285139,-0.149801073409,0.124464441323,0.0,443.1948362477845,442.83303741586457,442.8777031218868,440.6358892276306
3.000000000000002,-3.28902092143,-2.71256757494,18.0934134252,5.96565849558,0.292126255193,0.0,-3.87376340848,-3.66480131701,4.0152704082,-0.153104145328,0.129853610777,0.0,452.41246770605756,452.8604568709243,452.45983900771904,452.1727844158681
3.0600000000000023,-3.52737131953,-2.93856874262,18.3345098302,5.95647388052,0.299805138217,0.0,-4.07182975282,-3.86917028504,4.01995099231,-0.153022587282,0.123950672494,0.0,459.9453813846933,459.49190299369394,459.00770350208137,458.9928882570775
3.1200000000000023,-3.77715216724,-3.17636240106,18.5738865198,5.94766985122,0.30725961308,0.0,-4.25477720739,-4.05789060771,3.95828847337,-0.136456711287,0.124815578704,0.0,440.15649897376875,440.2422603463639,438.1948338280991,439.54939060950954
3.1800000000000024,-4.03792682107,-3.42549240948,18.8090676441,5.93981696453,0.314602085171,0.0,-4.43829373522,-4.24698350826,3.88016717862,-0.121584759217,0.11698692679,0.0,436.1258304582316,435.48516555819793,435.6315999314551,436.857446696697
3.2400000000000024,-4.30956937368,-3.68580595012,19.0386323696,5.93271270542,0.321246763864,0.0,-4.61702381755,-4.43065114324,3.77124980926,-0.112706089896,0.0937893562942,0.0,428.58279595463364,426.6172392726166,426.10981656518766,426.85503912876953
3.3000000000000025,-4.59264272955,-3.95786095709,19.2631981278,5.92603534332,0.326619147,0.0,-4.81917419365,-4.63829223298,3.71322778125,-0.108598960495,0.079296958967,0.0,448.5333781546952,447.36114443024803,446.2240027453648,446.5483114485622
3.3600000000000025,-4.8881847599,-4.24273130622,19.4847859944,5.91908520804,0.331354662927,0.0,-5.03256035636,-4.85780819001,3.67184816618,-0.137023766933,0.0781717857078,0.0,454.5909626994142,454.5056004530137,457.53403449516776,455.25263742126765
3.4200000000000026,-5.19637295623,-4.54063499118,19.7030391772,5.91055440416,0.336115015527,0.0,-5.24072699514,-5.07287075706,3.60210223738,-0.15524510015,0.081576088521,0.0,448.0868852630676,448.36859325695906,449.3569697351653,447.8581353406413
3.4800000000000026,-5.51663375892,-4.85104989223,19.9155703658,5.90112930767,0.341261127425,0.0,-5.43505354088,-5.27494769809,3.48131353573,-0.161039336325,0.093051007677,0.0,432.9079714674377,433.87890036125594,432.4944403524207,431.98183522277094
3.5400000000000027,-5.84807520954,-5.17312686485,20.1191803715,5.89167590888,0.346599420805,0.0,-5.61350847425,-5.46166052678,3.30499667094,-0.151377665899,0.0792264588144,0.0,414.30485447997324,413.0943934154101,414.4016741255875,415.2247885556597
3.6000000000000028,-6.19301808044,-5.50939661566,20.3189408444,5.8836559581,0.351135450742,0.0,-5.88470268629,-5.74769446258,3.35149075756,-0.111514528148,0.0671347664388,0.0,495.48067226894915,494.5945420810688,493.95839722393356,496.8744328283385
3.660000000000003,-6.55216417886,-5.86066965406,20.5158181805,5.87801341131,0.355741793921,0.0,-6.08724791745,-5.96190130405,3.21020451981,-0.0720787665523,0.0912087134903,0.0,433.0418078425303,435.0673484387245,433.3117723991923,436.6066980227399
3.720000000000003,-6.92413261965,-6.22549936601,20.7054665882,5.87403794441,0.360744589687,0.0,-6.31211193189,-6.19937942431,3.11022291944,-0.0566139878881,0.059195050107,0.0,453.54325543268016,450.96921067133945,450.9551854671072,452.199718314616
3.780000000000003,-7.31022024067,-6.60521804752,20.8902213286,5.87047517337,0.363821426082,0.0,-6.55769437931,-6.45811829482,3.04688715106,-0.0655775205047,0.0266116606928,0.0,469.44477590445615,466.91032058018106,467.5891102582505,466.8877978520628
3.840000000000003,-7.7127417369,-7.00226250696,21.0748963136,5.86703296271,0.365795315932,0.0,-6.85949054594,-6.77665447824,3.10670517935,-0.0446211019724,0.0431812330126,0.0,511.63384445529897,512.8127176856927,511.27937708900424,512.7687021913558
3.900000000000003,-8.13096445909,-7.41589883282,21.2570475638,5.86450097996,0.368614768584,0.0,-7.08162107002,-7.01160036498,2.96409787257,-0.0377514922019,0.0536879818226,0.0,447.5087299684317,448.364703728189,447.2818871205613,447.8402144424191
3.960000000000003,-8.56278841197,-7.84391605928,21.4309243428,5.86255929597,0.371591686907,0.0,-7.31287221082,-7.2559701705,2.83076457152,-0.0233189424757,0.0398855428766,0.0,453.15202363977636,452.04226075392046,453.66957243085017,454.82688949981974
4.020000000000002,-9.00743620647,-8.28548654725,21.5939690395,5.86068904573,0.374001798856,0.0,-7.50929724717,-7.46365489399,2.6036987317,-0.0555005018154,0.0407284407185,0.0,420.2568822828851,420.3308900035339,421.9719765881688,419.18306969419
4.080000000000001,-9.46525794023,-8.74097643136,21.7462584952,5.85771945515,0.376865034337,0.0,-7.75175279565,-7.71974889728,2.47140049826,-0.0395914138248,0.0589378124403,0.0,456.05754769212564,457.51139236871,457.36929877596947,458.6334855576834
4.14,-9.93575300114,-9.20988466312,21.8858929133,5.85488013962,0.380288634887,0.0,-7.93217483179,-7.91134476363,2.18291491941,-0.0709921659488,0.0530135926403,0.0,400.2665651208031,399.72947237239146,401.378222211847,398.5151968484956
4.199999999999998,-10.4193304735,-9.69264708762,22.0129559869,5.85058872272,0.383337919052,0.0,-8.18739743794,-8.18119998208,2.05103521016,-0.0726076793125,0.0460325550423,0.0,461.3741695155701,460.8240270611299,461.58587982009243,461.45460650772117
4.259999999999997,-10.9185960006,-10.1920197642,22.1324999262,5.84596901066,0.386233402306,0.0,-8.45504846793,-8.46500358467,1.93207818213,-0.0876498332113,0.0523726749518,0.0,469.811219041829,470.30397102721184,469.7043845483022,468.5315503583346
4.319999999999996,-11.4330114421,-10.7075112642,22.2424143813,5.84036570453,0.390090295325,0.0,-8.69261402062,-8.71872798901,1.73046038844,-0.10846626079,0.0811766003055,0.0,442.6944892664668,445.0619292992301,443.9690529969926,442.24954023673223
4.379999999999995,-11.9615643492,-11.2381395663,22.3394825612,5.83413644137,0.394951409778,0.0,-8.92636847487,-8.96962053229,1.50379887474,-0.0958616453576,0.0807008358567,0.0,437.5168348809824,437.482617997988,436.93661196579876,437.97689343669174
4.439999999999993,-12.5056792855,-11.7854518601,22.4257419491,5.82905882404,0.400725339756,0.0,-9.21114173763,-9.27455708821,1.36932756825,-0.0684373565915,0.11656109335,0.0,473.8500967177802,476.60644395336607,474.08543987211357,476.18290444294934
4.499999999999992,-13.0657992793,-12.3499433634,22.501034573,5.82506053319,0.407507117807,0.0,-9.46016877941,-9.54247218367,1.13886826203,-0.0632645414413,0.104826299924,0.0,445.0107936184937,444.0601268708959,445.47511347914656,445.89475156449816
4.559999999999991,-13.6389750708,-12.9285824335,22.5580098631,5.82125111366,0.413408624795,0.0,-9.64669828766,-9.74666777993,0.759888594083,-0.0639455398095,0.0805066211041,0.0,389.81323330134586,387.54248130355495,387.9354444102498,387.8678913175738
4.6199999999999894,-14.2260726842,-13.5222784389,22.5972977783,5.81713348543,0.418758447597,0.0,-9.92374962036,-10.0438647125,0.547842708117,-0.0801813518251,0.102453832431,0.0,456.3474701242272,458.10280697942477,458.44383069165576,457.1479764878994
4.679999999999988,-14.8285394254,-14.1325690687,22.6207444522,5.8123058727,0.425596258466,0.0,-10.1592695986,-10.3001363487,0.232372730806,-0.0810234909015,0.130439366675,0.0,421.01055194598,423.43781244609795,421.93614813815645,421.85781846596797
4.739999999999987,-15.4463821844,-14.7595151734,22.627096569,5.80747620697,0.433290429623,0.0,-10.4361162102,-10.5988101403,-0.0227485565801,-0.0794573952414,0.123424680921,0.0,450.41137729686267,449.85827029270246,449.8726553766106,449.99436473644215
4.799999999999986,-16.0801968965,-15.4037800481,22.6162447025,5.80275106252,0.440758919565,0.0,-10.691810115,-10.8776680567,-0.340718479517,-0.0773792677696,0.126494517349,0.0,430.62594032363984,430.9002426377485,430.660645854863,430.8312878013984
4.859999999999984,-16.7303116906,-16.0657620673,22.5874554762,5.79835656932,0.449212274351,0.0,-10.9793324126,-11.1892303723,-0.621218898219,-0.0660415706521,0.160191060868,0.0,448.9226196332902,451.66695974266435,450.431736714627,451.34391449457394
4.919999999999983,-17.3983387566,-16.7471115146,22.5423180424,5.79431711047,0.459960795033,0.0,-11.2888433631,-11.5230995214,-0.886154805445,-0.0700203863698,0.202256871393,0.0,460.8202102524689,464.16269855999536,463.50818058347164,463.19206938184305
4.979999999999982,-18.0856626648,-17.4491988819,22.4817668907,5.78987107025,0.472529650294,0.0,-11.6224567252,-11.8803310487,-1.13562130549,-0.0838497624955,0.220984347265,0.0,475.932731727811,477.40399816056043,476.61613968642746,475.5536456945154
5.0399999999999805,-18.7905247427,-18.1704509719,22.4011302735,5.7846809517,0.486064530692,0.0,-11.8737675331,-12.1625813049,-1.55449813034,-0.0924136611594,0.233461924827,0.0,416.7593576940558,417.90290261314345,418.0734478870634,417.3195085587707
